671
421
361
351
360
370
361
371
371
381
2374
2254
2254
2294
2274
2264
2244
2244
2294
2244
17984
16130
16049
16060
16080
16160
16109
16050
16140
16050
129699
121545
121535
108189
80929
81070
80859
81100
81000
80950
649751
632028
630044
641135
639372
694745
1.04854e+06
812843
657736
647177
5.26008e+06
5.21405e+06
5.3299e+06
5.47942e+06
5.66152e+06
5.61234e+06
6.17599e+06
5.56811e+06
5.90039e+06
6.26835e+06
4.67184e+07
4.65052e+07
4.63062e+07
4.62534e+07
4.59243e+07
4.71125e+07
4.60663e+07
4.66102e+07
4.6166e+07
4.6059e+07
3.66218e+08
3.74428e+08
3.63971e+08
3.60502e+08
3.69209e+08
3.58877e+08
3.58429e+08
3.56714e+08
3.68162e+08
3.60953e+08
2.86462e+09
2.93155e+09
2.92566e+09
2.90381e+09
2.93137e+09
2.94238e+09
2.86536e+09
2.86186e+09
2.86235e+09
2.87398e+09
2.31542e+10
2.30788e+10
2.30388e+10
2.28041e+10
2.29134e+10
2.2818e+10
2.29469e+10
2.27205e+10
2.19047e+10
2.19405e+10
