416005
2004
1533
1683
1432
1382
1312
1643
1342
1603
2685
2404
2405
2215
2225
2445
2494
2415
2485
2344
5140
6232
4428
6222
4468
6041
4909
6312
4909
5771
19666
19035
18313
19887
18314
20228
18023
19666
17913
19957
243508
126673
82642
81780
81811
81429
81791
109772
83043
84736
649605
625461
619520
1.23745e+06
662609
653202
662098
691392
893184
828955
8.36654e+06
1.02605e+07
9.60762e+06
8.72108e+06
7.51609e+06
6.82736e+06
9.39939e+06
8.39422e+06
8.01597e+06
8.6428e+06
6.35558e+07
6.39164e+07
6.54868e+07
6.59639e+07
6.50448e+07
6.87452e+07
6.59057e+07
6.50635e+07
6.55042e+07
6.52067e+07
5.52167e+08
5.51384e+08
5.43295e+08
5.67553e+08
5.87124e+08
5.47169e+08
5.84741e+08
5.60581e+08
5.43143e+08
5.85545e+08
4.74332e+09
5.10787e+09
4.70694e+09
4.56314e+09
4.65835e+09
4.61703e+09
4.59176e+09
4.35886e+09
4.3336e+09
4.34396e+09
