571
360
321
291
291
301
291
321
1914
391
2013
1924
1783
1823
1833
1783
1783
1763
1864
1874
12233
12113
12133
12173
12023
12073
14567
16662
16291
12203
101502
94189
94338
94048
93697
100520
94829
93737
133302
140866
792819
796736
829799
813748
812256
814910
843034
826282
779654
820361
6.7418e+06
7.02553e+06
6.94395e+06
6.74044e+06
6.20268e+06
6.52099e+06
6.7323e+06
6.77188e+06
6.89453e+06
6.76932e+06
5.48135e+07
5.57603e+07
5.49377e+07
5.65634e+07
5.5359e+07
5.34981e+07
5.27243e+07
5.48171e+07
5.48211e+07
5.52069e+07
4.48199e+08
4.49418e+08
4.46086e+08
4.44815e+08
4.43583e+08
4.59385e+08
4.67096e+08
4.67407e+08
4.65933e+08
4.65492e+08
3.78349e+09
3.74364e+09
3.77791e+09
3.66438e+09
3.65885e+09
3.62285e+09
3.69661e+09
3.71739e+09
3.70482e+09
3.60929e+09
3.48955e+10
3.51069e+10
3.53621e+10
3.502e+10
3.50185e+10
3.46371e+10
3.49382e+10
3.45279e+10
3.45183e+10
3.47238e+10
