49843
52156
44422
43721
44062
44032
43681
44081
47107
43982
368621
373200
362971
362210
368701
365836
364644
368842
366508
368582
3.11017e+06
3.09495e+06
3.19558e+06
3.19524e+06
3.20285e+06
3.21561e+06
3.1994e+06
3.1737e+06
3.25677e+06
3.14559e+06
2.5702e+07
2.43847e+07
2.47325e+07
2.48528e+07
2.47839e+07
2.48667e+07
2.47486e+07
2.47509e+07
2.49591e+07
2.48806e+07
2.00888e+08
1.98459e+08
2.01957e+08
2.02536e+08
2.02995e+08
2.00992e+08
1.99641e+08
2.11791e+08
2.233e+08
2.24605e+08
1.72915e+09
1.74775e+09
1.6693e+09
1.64287e+09
1.67028e+09
1.63935e+09
1.62846e+09
1.62525e+09
1.6291e+09
1.62273e+09
1.30547e+10
1.30731e+10
1.30191e+10
1.30318e+10
1.30031e+10
1.30011e+10
1.29645e+10
1.29764e+10
1.29842e+10
1.29752e+10
1.03755e+11
1.04159e+11
1.03649e+11
1.0372e+11
1.03871e+11
1.03708e+11
1.04394e+11
1.03007e+11
1.03121e+11
1.02966e+11
