76454
45285
61906
61235
44314
43763
43822
44233
43963
43823
444286
437313
359316
363383
359617
362071
361931
362943
361631
364857
3.13116e+06
3.195e+06
3.21778e+06
3.22408e+06
3.16689e+06
3.31463e+06
3.26306e+06
3.25112e+06
3.36436e+06
3.28266e+06
2.70596e+07
2.65049e+07
2.62153e+07
2.58036e+07
2.61498e+07
2.60915e+07
2.58283e+07
2.5924e+07
2.58863e+07
2.61482e+07
2.21553e+08
2.02503e+08
2.23717e+08
2.25899e+08
2.08056e+08
2.08321e+08
2.27753e+08
2.2644e+08
2.19274e+08
2.1715e+08
1.79066e+09
1.78302e+09
1.73562e+09
1.70271e+09
1.70389e+09
1.70156e+09
1.68486e+09
1.69789e+09
1.695e+09
1.70822e+09
1.39327e+10
1.40005e+10
1.41506e+10
1.43974e+10
1.44035e+10
1.47219e+10
1.41253e+10
1.44168e+10
1.38852e+10
1.42807e+10
1.12537e+11
1.09332e+11
1.117e+11
1.12358e+11
1.12026e+11
1.11341e+11
1.11833e+11
1.11966e+11
1.11883e+11
1.11197e+11
