693384
80325
26140
64133
32353
72430
25439
67009
25589
25690
133306
132104
134649
131362
129018
129369
129138
132325
129700
130220
2.13066e+06
904030
949016
1.31734e+06
928847
1.18726e+06
3.96818e+06
1.54676e+06
4.53483e+06
911665
8.27968e+06
1.10531e+07
7.76577e+06
8.08009e+06
9.37339e+06
7.77047e+06
7.72764e+06
8.24689e+06
7.27795e+06
8.85521e+06
3.38699e+07
3.93418e+07
3.49269e+07
3.78889e+07
3.73389e+07
3.69378e+07
3.62262e+07
3.80334e+07
3.6735e+07
3.87213e+07
2.40484e+08
2.42056e+08
2.50132e+08
2.42637e+08
2.5618e+08
2.61804e+08
2.53524e+08
2.52193e+08
2.52839e+08
2.52893e+08
1.74939e+09
1.74636e+09
1.71882e+09
1.67406e+09
1.65514e+09
1.66172e+09
1.72831e+09
1.70003e+09
1.67866e+09
1.6688e+09
1.1953e+10
1.18724e+10
1.18525e+10
1.20659e+10
1.20384e+10
1.23431e+10
1.22826e+10
1.22478e+10
1.22875e+10
1.22879e+10
