1342
300
210
210
221
211
220
200
221
220
1263
1222
1162
1182
1132
1152
1163
1172
1142
1142
8345
6993
6933
7004
6963
6933
6933
6963
6983
6943
56906
48200
48150
48141
48171
48150
48110
48070
48050
48040
405832
398368
396564
399009
398428
400802
585168
688863
556294
407595
2.88684e+06
3.17439e+06
3.56263e+06
3.16693e+06
3.31919e+06
3.25894e+06
3.04179e+06
3.0713e+06
3.04133e+06
3.11719e+06
2.42969e+07
2.42963e+07
2.43947e+07
2.49398e+07
2.38814e+07
2.42294e+07
2.39544e+07
2.3974e+07
2.387e+07
2.39763e+07
1.93616e+08
1.92216e+08
1.91147e+08
1.96879e+08
1.90247e+08
1.95e+08
1.93332e+08
1.92261e+08
1.9268e+08
2.03042e+08
1.60942e+09
1.54414e+09
1.56494e+09
1.57698e+09
1.57567e+09
1.57177e+09
1.64542e+09
1.66106e+09
1.61955e+09
1.74695e+09
1.31429e+10
1.27852e+10
1.31802e+10
1.29501e+10
1.33373e+10
1.28185e+10
1.28251e+10
1.26445e+10
1.33427e+10
1.3169e+10
